------------------------------------------------------
|
|
|
|
|
-------------------------------------------------------

$BeginData
8 8
$EndData
$BeginMatrix
1.11111e+07	 -9.09091e+07	 -1.08911e+07	 8.91089e+06	 -1.11089e+07	 9.08909e+06	 1.08889e+07	 -8.90911e+06	 
-9.09091e+07	 1.11111e+07	 8.91089e+06	 -1.08911e+07	 9.08909e+06	 -1.08911e+07	 -8.90911e+06	 1.08889e+07	 
-1.08911e+07	 8.91089e+06	 1.11111e+07	 -9.09091e+07	 1.08889e+07	 -8.90911e+06	 -1.11089e+07	 9.08909e+06	 
8.91089e+06	 -1.08911e+07	 -9.09091e+07	 1.11111e+07	 -8.90911e+06	 1.08889e+07	 9.08909e+06	 -1.08911e+07	 
-1.11089e+07	 9.08909e+06	 1.08889e+07	 -8.90911e+06	 1.11111e+07	 -9.09091e+07	 -1.08911e+07	 8.91089e+06	 
9.08909e+06	 -1.08911e+07	 -8.90911e+06	 1.08889e+07	 -9.09091e+07	 1.11111e+07	 8.91089e+06	 -1.08911e+07	 
1.08889e+07	 -8.90911e+06	 -1.11089e+07	 9.08909e+06	 -1.08911e+07	 8.91089e+06	 1.11111e+07	 -9.09091e+07	 
-8.90911e+06	 1.08889e+07	 9.08909e+06	 -1.08911e+07	 8.91089e+06	 -1.08911e+07	 -9.09091e+07	 1.11111e+07	 
$EndMatrix
$BeginVector
0.680375
-0.211234
0.566198
0.59688
0.823295
-0.604897
-0.329554
0.536459
$EndVector
