D =

   1.0e+08 *

   -0.8230         0         0         0         0         0         0         0
         0   -0.8190         0         0         0         0         0         0
         0         0   -0.8190         0         0         0         0         0
         0         0         0   -0.7390         0         0         0         0
         0         0         0         0    0.8190         0         0         0
         0         0         0         0         0    0.8190         0         0
         0         0         0         0         0         0    0.8230         0
         0         0         0         0         0         0         0    1.6190

>> V

V =

    0.3536    0.0005    0.5000   -0.3536    0.4847    0.1227   -0.3536    0.3536
    0.3536    0.0005    0.5000   -0.3536   -0.4847   -0.1227    0.3536   -0.3536
    0.3536   -0.5000    0.0005    0.3536   -0.1227    0.4847   -0.3536   -0.3536
    0.3536   -0.5000    0.0005    0.3536    0.1227   -0.4847    0.3536    0.3536
   -0.3536    0.0005    0.5000    0.3536    0.4847    0.1227    0.3536   -0.3536
   -0.3536    0.0005    0.5000    0.3536   -0.4847   -0.1227   -0.3536    0.3536
   -0.3536   -0.5000    0.0005   -0.3536   -0.1227    0.4847    0.3536    0.3536
   -0.3536   -0.5000    0.0005   -0.3536    0.1227   -0.4847   -0.3536   -0.3536